  - TABLE FOR GHG-X4 refrigerant REFPROP V4.0 simulation
     T       Cp      Spd Sound   dP/dT      dP/dV      dP/dD     Viscosity  Therm Cond 
  deg F   Btu/lb.F    ft/sec                                      lb/ft.h    Btu/h.ft.F
  -60.00  0.1496      483.4     0.3060E-01-0.3082      43.21     0.2118E-01 0.4208E-02 V
  -60.00  0.2540    not reliabl  106.6    -0.2896E+07  390.7      1.172     0.7143E-01 L
  	 
  -55.00  0.1508      485.5     0.3553E-01-0.4181      43.61     0.2146E-01 0.4293E-02 V
  -55.00  0.2552    not reliabl  104.4    -0.2791E+07  380.3      1.127     0.7067E-01 L
  	 
  -50.00  0.1521      487.6     0.4108E-01-0.5621      44.00     0.2173E-01 0.4378E-02 V
  -50.00  0.2565    not reliabl  102.2    -0.2689E+07  370.1      1.085     0.6990E-01 L
  	 
  -45.00  0.1533      489.6     0.4732E-01-0.7493      44.37     0.2200E-01 0.4465E-02 V
  -45.00  0.2578    not reliabl  100.2    -0.2590E+07  360.1      1.047     0.6911E-01 L
  	 
  -40.00  0.1546      491.6     0.5430E-01-0.9906      44.72     0.2227E-01 0.4551E-02 V
  -40.00  0.2591    not reliabl  98.20    -0.2494E+07  350.2      1.012     0.6832E-01 L
  	 
  -35.00  0.1558      493.4     0.6210E-01 -1.299      45.05     0.2254E-01 0.4638E-02 V
  -35.00  0.2605    not reliabl  96.28    -0.2400E+07  340.5     0.9782     0.6751E-01 L
  	 
  -30.00  0.1571      495.1     0.7078E-01 -1.692      45.36     0.2282E-01 0.4726E-02 V
  -30.00  0.2618    not reliabl  94.42    -0.2309E+07  331.0     0.9462     0.6670E-01 L
  	 
  -25.00  0.1584      496.8     0.8043E-01 -2.186      45.65     0.2309E-01 0.4814E-02 V
  -25.00  0.2632    not reliabl  92.61    -0.2220E+07  321.7     0.9158     0.6587E-01 L
  	 
  -20.00  0.1598      498.4     0.9111E-01 -2.806      45.91     0.2337E-01 0.4903E-02 V
  -20.00  0.2645    not reliabl  90.86    -0.2134E+07  312.5     0.8868     0.6504E-01 L
  	 
  -15.00  0.1612      499.8     0.1029     -3.577      46.15     0.2365E-01 0.4992E-02 V
  -15.00  0.2659    not reliabl  89.17    -0.2050E+07  303.5     0.8592     0.6420E-01 L
  	 
  -10.00  0.1626      501.2     0.1160     -4.531      46.37     0.2392E-01 0.5082E-02 V
  -10.00  0.2674    not reliabl  87.53    -0.1969E+07  294.7     0.8329     0.6336E-01 L
  	 
   -5.00  0.1640      502.5     0.1303     -5.704      46.56     0.2420E-01 0.5172E-02 V
   -5.00  0.2688    not reliabl  85.93    -0.1890E+07  286.0     0.8077     0.6252E-01 L
  	 
    0.00  0.1654      503.6     0.1461     -7.138      46.73     0.2448E-01 0.5263E-02 V
    0.00  0.2703    not reliabl  84.39    -0.1813E+07  277.5     0.7836     0.6166E-01 L
  	 
    5.00  0.1669      504.7     0.1634     -8.882      46.86     0.2477E-01 0.5353E-02 V
    5.00  0.2718    not reliabl  82.88    -0.1738E+07  269.1     0.7605     0.6081E-01 L
  	 
   10.00  0.1685      505.6     0.1824     -10.99      46.97     0.2505E-01 0.5445E-02 V
   10.00  0.2733    not reliabl  81.42    -0.1665E+07  260.9     0.7383     0.5996E-01 L
  	 
   15.00  0.1700      506.4     0.2031     -13.53      47.05     0.2534E-01 0.5536E-02 V
   15.00  0.2748    not reliabl  80.00    -0.1594E+07  252.8     0.7171     0.5910E-01 L
  	 
   20.00  0.1717      507.2     0.2258     -16.57      47.10     0.2563E-01 0.5628E-02 V
   20.00  0.2764    not reliabl  78.62    -0.1526E+07  244.8     0.6966     0.5824E-01 L
  	 
   25.00  0.1733      507.7     0.2506     -20.20      47.11     0.2592E-01 0.5721E-02 V
   25.00  0.2780    not reliabl  77.28    -0.1459E+07  237.0     0.6769     0.5738E-01 L
  	 
   30.00  0.1750      508.2     0.2776     -24.50      47.09     0.2621E-01 0.5813E-02 V
   30.00  0.2796    not reliabl  75.97    -0.1394E+07  229.3     0.6580     0.5652E-01 L
  	 
   35.00  0.1768      508.6     0.3071     -29.58      47.04     0.2651E-01 0.5906E-02 V
   35.00  0.2813    not reliabl  74.70    -0.1331E+07  221.8     0.6396     0.5566E-01 L
  	 
   40.00  0.1787      508.8     0.3391     -35.56      46.96     0.2681E-01 0.5999E-02 V
   40.00  0.2830    not reliabl  73.46    -0.1270E+07  214.4     0.6219     0.5481E-01 L
  	 
   45.00  0.1806      508.9     0.3740     -42.57      46.84     0.2711E-01 0.6092E-02 V
   45.00  0.2848    not reliabl  72.25    -0.1211E+07  207.1     0.6048     0.5395E-01 L
  	 
   50.00  0.1825      508.8     0.4119     -50.75      46.68     0.2742E-01 0.6186E-02 V
   50.00  0.2866    not reliabl  71.07    -0.1153E+07  200.0     0.5882     0.5309E-01 L
  	 
   55.00  0.1846      508.7     0.4531     -60.26      46.49     0.2773E-01 0.6280E-02 V
   55.00  0.2884    not reliabl  69.91    -0.1097E+07  192.9     0.5720     0.5224E-01 L
  	 
   60.00  0.1867      508.4     0.4978     -71.27      46.26     0.2805E-01 0.6374E-02 V
   60.00  0.2904    not reliabl  68.79    -0.1043E+07  186.0     0.5563     0.5138E-01 L
  	 
   65.00  0.1889      507.9     0.5464     -83.99      45.99     0.2837E-01 0.6468E-02 V
   65.00  0.2924    not reliabl  67.68    -0.9905E+06  179.3     0.5410     0.5053E-01 L
  	 
   70.00  0.1912      507.3     0.5991     -98.61      45.68     0.2870E-01 0.6562E-02 V
   70.00  0.2944    not reliabl  66.60    -0.9397E+06  172.6     0.5261     0.4968E-01 L
  	 
   75.00  0.1936      506.6     0.6562     -115.4      45.33     0.2904E-01 0.6657E-02 V
   75.00  0.2965    not reliabl  65.55    -0.8904E+06  166.1     0.5116     0.4884E-01 L
  	 
   80.00  0.1962      505.8     0.7182     -134.5      44.94     0.2938E-01 0.6751E-02 V
   80.00  0.2988    not reliabl  64.51    -0.8427E+06  159.6     0.4973     0.4799E-01 L
  	 
   85.00  0.1988      504.7     0.7854     -156.3      44.51     0.2974E-01 0.6846E-02 V
   85.00  0.3011    not reliabl  63.49    -0.7966E+06  153.3     0.4834     0.4715E-01 L
  	 
   90.00  0.2016      503.6     0.8582     -181.1      44.03     0.3010E-01 0.6940E-02 V
   90.00  0.3035    not reliabl  62.49    -0.7520E+06  147.1     0.4697     0.4631E-01 L
  	 
   95.00  0.2046      502.3     0.9371     -209.1      43.51     0.3047E-01 0.7035E-02 V
   95.00  0.3060    not reliabl  61.51    -0.7089E+06  141.0     0.4562     0.4548E-01 L
  	 
  100.00  0.2077      500.8      1.023     -240.7      42.95     0.3085E-01 0.7130E-02 V
  100.00  0.3087    not reliabl  60.55    -0.6672E+06  135.1     0.4430     0.4464E-01 L
  	 
  105.00  0.2110      499.2      1.116     -276.2      42.35     0.3124E-01 0.7225E-02 V
  105.00  0.3115    not reliabl  59.59    -0.6270E+06  129.2     0.4292     0.4381E-01 L
  	 
  110.00  0.2145      497.4      1.216     -316.0      41.70     0.3165E-01 0.7320E-02 V
  110.00  0.3144    not reliabl  58.66    -0.5882E+06  123.4     0.4148     0.4298E-01 L
  	 
  115.00  0.2182      495.5      1.325     -360.5      41.00     0.3207E-01 0.7416E-02 V
  115.00  0.3175    not reliabl  57.73    -0.5508E+06  117.8     0.4006     0.4215E-01 L
  	 
  120.00  0.2222      493.4      1.444     -410.1      40.25     0.3251E-01 0.7511E-02 V
  120.00  0.3208    not reliabl  56.81    -0.5148E+06  112.3     0.3866     0.4132E-01 L
  	 
  125.00  0.2264      491.1      1.572     -465.2      39.46     0.3297E-01 0.7607E-02 V
  125.00  0.3244    not reliabl  55.91    -0.4801E+06  106.8     0.3729     0.4050E-01 L
  	 
  130.00  0.2310      488.7      1.712     -526.1      38.62     0.3345E-01 0.7703E-02 V
  130.00  0.3282    not reliabl  55.01    -0.4468E+06  101.5     0.3594     0.3967E-01 L
  	 
  135.00  0.2359      486.0      1.863     -593.4      37.73     0.3396E-01 0.7799E-02 V
  135.00  0.3323    not reliabl  54.11    -0.4148E+06  96.27     0.3481     0.3885E-01 L
  	 
  140.00  0.2412      483.2      2.028     -667.3      36.79     0.3449E-01 0.7896E-02 V
  140.00  0.3367    not reliabl  53.22    -0.3840E+06  91.15     0.3383     0.3802E-01 L
  	 
  145.00  0.2470      480.3      2.207     -748.3      35.80     0.3505E-01 0.7994E-02 V
  145.00  0.3414    not reliabl  52.34    -0.3546E+06  86.13     0.3285     0.3720E-01 L
  	 
  150.00  0.2533      477.1      2.402     -836.7      34.75     0.3565E-01 0.8092E-02 V
  150.00  0.3466    not reliabl  51.46    -0.3265E+06  81.22     0.3185     0.3637E-01 L
  	 
  155.00  0.2603      473.7      2.614     -932.8      33.65     0.3628E-01 0.8192E-02 V
  155.00  0.3523    not reliabl  50.57    -0.2996E+06  76.41     0.3084     0.3554E-01 L
  	 
  160.00  0.2679      470.1      2.846     -1037.      32.50     0.3696E-01 0.8294E-02 V
  160.00  0.3586    not reliabl  49.69    -0.2739E+06  71.70     0.2983     0.3470E-01 L
  	 
  165.00  0.2764      466.4      3.099     -1149.      31.29     0.3770E-01 0.8397E-02 V
  165.00  0.3655    not reliabl  48.80    -0.2495E+06  67.10     0.2892     0.3387E-01 L
  	 
  170.00  0.2858      462.4      3.377     -1269.      30.03     0.3849E-01 0.8503E-02 V
  170.00  0.3732    not reliabl  47.90    -0.2262E+06  62.60     0.2799     0.3302E-01 L
  	 
  175.00  0.2965      458.1      3.680     -1396.      28.70     0.3936E-01 0.8613E-02 V
  175.00  0.3818    not reliabl  47.00    -0.2042E+06  58.20     0.2706     0.3216E-01 L
  	 
  180.00  0.3085      453.6      4.014     -1530.      27.31     0.4031E-01 0.8727E-02 V
  180.00  0.3916    not reliabl  46.09    -0.1833E+06  53.91     0.2611     0.3130E-01 L
  	 
  185.00  0.3224      448.9      4.382     -1671.      25.86     0.4137E-01 0.8848E-02 V
  185.00  0.4026    not reliabl  45.17    -0.1636E+06  49.72     0.2515     0.3042E-01 L
  	 
  190.00  0.3385      443.9      4.789     -1816.      24.34     0.4255E-01 0.8977E-02 V
  190.00  0.4154    not reliabl  44.22    -0.1451E+06  45.64     0.2417     0.2952E-01 L
  	 
  195.00  0.3574      438.6      5.241     -1963.      22.75     0.4389E-01 0.9118E-02 V
  195.00  0.4301    not reliabl  43.26    -0.1278E+06  41.68     0.2317     0.2859E-01 L
  	 
  200.00  0.3801      433.0      5.744     -2109.      21.09     0.4543E-01 0.9275E-02 V
  200.00  0.4473    not reliabl  42.28    -0.1115E+06  37.82     0.2214     0.2764E-01 L
  	 
  205.00  0.4079      427.0      6.310     -2250.      19.34     0.4725E-01 0.9455E-02 V
  205.00  0.4676    not reliabl  41.27    -0.9645E+05  34.09     0.2107     0.2665E-01 L
  	 
  210.00  0.4429      420.6      6.950     -2377.      17.49     0.4943E-01 0.9670E-02 V
  210.00  0.4920    not reliabl  40.22    -0.8251E+05  30.48     0.1995     0.2560E-01 L
  	 
  215.00  0.4888      413.7      7.683     -2481.      15.54     0.5217E-01 0.9940E-02 V
  215.00  0.5215    not reliabl  39.14    -0.6971E+05  27.00     0.1878     0.2449E-01 L
  	 
  220.00  0.5520      406.1      8.537     -2544.      13.45     0.5580E-01 0.1030E-01 V
  220.00  0.5579    not reliabl  38.02    -0.5806E+05  23.67     0.1753     0.2329E-01 L
  	 
  225.00  0.4021      438.4      6.815     -2857.      21.23     0.4977E-01 0.9925E-02 V
  225.00  0.3463    not reliabl  41.71    -0.3003E+06  77.50     0.4977E-01 0.9925E-02 L
